%YAML:1.0
---
calibration_time: "Tue 09 Apr 2019 04:02:02 PM EDT"
image_width: 4928
image_height: 3264
flags: 0
camera_matrix: !!opencv-matrix
   rows: 3
   cols: 3
   dt: d
   data: [ 8505.009450966649, 0, 2128.874808584771,
            0, 8539.377767244536, 2035.959887569125,
            0, 0, 1 ]
distortion_coefficients: !!opencv-matrix
   rows: 1
   cols: 5
   dt: d
   data: [ -0.07700167746238547, 3.02064870003013, -0.01682638143415757, -0.009480187649561902, -36.52638984841185 ]
avg_reprojection_error: 0.449513
