Callibration error in each frame：
Average error in the 1-th image：0.548369 pixel
Average error in the 2-th image：0.541955 pixel
Average error in the 3-th image：0.465003 pixel
Average error in the 4-th image：0.396128 pixel
Average error in the 5-th image：0.40847 pixel
Average error in the 6-th image：0.449513 pixel
Average error in the 7-th image：0.447835 pixel
Average error in the 8-th image：0.360324 pixel
Average error in the 9-th image：0.425077 pixel
Sum of average error：0.449186 pixel
Intrinsic matrix for the camers：
[8505.009450966649, 0, 2128.874808584771;
 0, 8539.377767244536, 2035.959887569125;
 0, 0, 1]

Distortion parameters：
[-0.07700167746238547, 3.02064870003013, -0.01682638143415757, -0.009480187649561902, -36.52638984841185]


Rotation vector of the 1-th image：
[-62.13559166421178;
 -11.26607004449661;
 829.9622156394488]
Rotation matrix of the 1-th image：
[-0.9760051329577204, -0.1577690556262726, -0.1500763323345039;
 0.1617845062616975, -0.986714281825731, -0.01485596091778453;
 -0.14573864955406, -0.03877951943908113, 0.9885627925924747]
Rotation matrix of the 1-th image：
[2.465725828411693;
 0.1015437481216394;
 -0.0973152584370518]

Rotation vector of the 2-th image：
[134.24497974702;
 3.224709650382168;
 906.2529020589501]
Rotation matrix of the 2-th image：
[0.3783744665365931, 0.921382985744328, 0.08880403512237565;
 -0.9207276811810109, 0.3647421404039267, 0.1386495875240934;
 0.0953587970781279, -0.1342257970526895, 0.9863519327427623]
Rotation matrix of the 2-th image：
[1.629913692352912;
 -1.892004143427289;
 0.7434593878540645]

Rotation vector of the 3-th image：
[181.6846502350383;
 -45.96622948514813;
 1378.72273368272]
Rotation matrix of the 3-th image：
[-0.9147923245337366, -0.3237544842426426, 0.2415326828960073;
 0.3069481710698926, -0.94588037359499, -0.1053239722221396;
 0.2625601326382409, -0.02221154610968402, 0.9646599525057554]
Rotation matrix of the 3-th image：
[0.5798346756446213;
 -2.445917582303659;
 1.391021417353562]

Rotation vector of the 4-th image：
[152.0038512634134;
 -96.07419190262129;
 1475.040757746434]
Rotation matrix of the 4-th image：
[-0.9789993081098975, -0.02527264953604116, 0.2022909980838752;
 -0.001181292693304836, -0.9915662490791639, -0.1295954406399017;
 0.2038601463452695, -0.1271128115986189, 0.9707128173973903]
Rotation matrix of the 4-th image：
[0.5600749161782113;
 -2.576896370805858;
 1.234175300414433]

Rotation vector of the 5-th image：
[62.54532622290186;
 -61.5715562403883;
 1083.676686139339]
Rotation matrix of the 5-th image：
[0.9728573563677928, -0.2311164608667614, -0.01156484662640191;
 0.2309390182472673, 0.9728545719128598, -0.01487117208677926;
 0.0146878865756031, 0.01179675483635311, 0.9998225355348184]
Rotation matrix of the 5-th image：
[2.46957027330658;
 0.4165131188473427;
 -0.1935264434054074]

Rotation vector of the 6-th image：
[-154.5522724955709;
 -145.431215687539;
 1161.871062548586]
Rotation matrix of the 6-th image：
[0.9895865127994774, 0.1429890347603355, 0.01651271097298437;
 -0.1426476125330967, 0.989565731568132, -0.02028106369585142;
 -0.01924038263593708, 0.01771436830189639, 0.9996579459153453]
Rotation matrix of the 6-th image：
[2.10238611007031;
 1.543113272186292;
 -0.5814208986096404]

Rotation vector of the 7-th image：
[-10.21887658941174;
 -110.6800909953188;
 1175.041492951962]
Rotation matrix of the 7-th image：
[0.5800861526460834, 0.8112984082393317, 0.07276639537995221;
 -0.8106165088800488, 0.5837474806793103, -0.04625747865675734;
 -0.08000581878455378, -0.03215231856157549, 0.9962757135310126]
Rotation matrix of the 7-th image：
[1.969395009018027;
 1.676645969831484;
 -0.6562733782811024]

Rotation vector of the 8-th image：
[112.6242510528926;
 -94.15666064024953;
 892.3914670853065]
Rotation matrix of the 8-th image：
[0.9246886186743978, 0.3775140810127145, 0.04933636722702534;
 -0.3794976837563643, 0.9243314589978674, 0.03991067439205215;
 -0.03053631473489766, -0.05562798346155988, 0.9979844993477662]
Rotation matrix of the 8-th image：
[-0.09413365335457621;
 -3.03801817123502;
 0.5988687074731075]

Rotation vector of the 9-th image：
[-187.1889806744938;
 -98.08513907017149;
 952.3057485046373]
Rotation matrix of the 9-th image：
[0.02911250061821086, -0.9567695561029537, -0.2893863832703808;
 0.9956692910326652, 0.002185253423164142, 0.09294023650704931;
 -0.08829000624229447, -0.2908388577580953, 0.9526896837982987]
Rotation matrix of the 9-th image：
[2.3045272442262;
 1.593014668289619;
 -0.4322811086046434]


